007555555555555555100000000000000000000000000000000000000000000000000000000000000000000000000000000000000
000000000000000005100000000000000000000000000000000000000000000000000000000000000000000000000000000000000
000000000000000005100000000000000000000000000000000000000000000000000000000000000000000000000000000000000
000000000000000005100000000000000000000000000000000000000000000000000000000000000000000000000000000000000
000000000000000005100000000000000000000000000000000000000000000000000000000000000000000000000000000000000
000000000000000005100000000000000000000000000000000000000000000000000000000000000000000000000000000000000
000000000000000005100000000000000000000000000000000000000000000000000000000000000000000000000000000000000
000000000000000005100000000010000000000000000000000000000000000000000000000000000000000000000000000000000
000000000000000005555555555510000000000000000000000000000000000000000000000000000000000000000000000000000
000000000000000000000000055510000000000000000000000000000000000000000000000000000000000000000000000000000
000000000000000000000000055510000000000000000000000000000000000000000000000000000000000000000000000000000
000000000000000000000000055510000000000000000000000000000000000000000000000000000000000000000000000000000
000000000000000000000000051110000000000000000000000000000000000000000000000000000000000000000000000000000
000000000000000000000000055555555555555555555555555555555555555555555555555555500000000000000000000000000
000000000000000000000000000000000000000000100000000000000000000000000000000000550000000000000000000000000
000000000000000000000000000000000000000000100000000000000000000000000000000000055555555500000000000000000
111111111111111111111111111111111111111111111111111111111111001111111111111111111111111501111111111111111
000000000000000000000000000000000000000000000000000000000000000000000000000000001000000500000000010000000
000000000000000000000000000000000000000000000000000000000000000000000000000000001000000500000000010000000
000000000000000000000000000000000000000000000000000000000000000000000100000000000000005500010000000000000
000000000000000000000000000000000000000000000000000000000000000000000100000000000000085000010000000000000
