007000000000000000100000000000000000000000000000000000000000000000000000000000000000000000000000000000000
005000000000000000100000000000000000000000000000000000000000000000000000000000000000000000000000000000000
005000000000000000100000000000000000000000000000000000000000000000000000000000000000000000000000000000000
005000000000000000100000000000000000000000000000000000000000000000000000000000000000000000000000000000000
005000000000000000100000000000000000000000000000000000000000000000000000000000000000000000000000000000000
005000000000000000100000000000000000000000000000000000000000000000000000000000000000000000000000000000000
005000000000000000100000000000000000000000000000000000000000000000000000000000000000000000000000000000000
005000000000000000100000000010000000000000000000000000000000000000000000000000000000000000000000000000000
005000000000000000000000000010000000000000000000000000000000000000000000000000000000000000000000000000000
005000000000000000000000000010000000000000000000000000000000000000000000000000000000000000000000000000000
005000000000000000000000000010000000000000000000000000000000000000000000000000000000000000000000000000000
005000000000000000000000000010000000000000000000000000000000000000000000000000000000000000000000000000000
005000000000000000000000001110000000000000000000000000000000000000000000000000000000000000000000000000000
005000000000000000000000000000000000000005550000000000000000000000000000000000000000000000000000000000000
005000000000000000000000000000000000000005150000000000000000000000000000000000000000000000000000000000000
005555555555555555555555555555555555555555155555555555555555500000000000000000000000000000000000000000000
111111111111111111111111111111111111111111111111111111111111501111111111111111111111111001111111111111111
000000000000000000000000000000000000000000000000000000000000500000000000000000001000000000000000010000000
000000000000000000000000000000000000000000000000000000000000500000005550000000001000000000000000010000000
000000000000000000000000000000000000000000000000000000000000500000005150000000000000000000010000000000000
000000000000000000000000000000000000000000000000000000000000555555555155555555555555580000010000000000000
