007000000000000000100000000000000000000000000000000000000000000000000000000000000000000000000000000000000
000500000000000000100000000000000000000000000000000000000000000000000000000000000000000000000000000000000
000050000000000000100000000000000000000000000000000000000000000000000000000000000000000000000000000000000
000005000000000000100000000000000000000000000000000000000000000000000000000000000000000000000000000000000
000000500000000000100000000000000000000000000000000000000000000000000000000000000000000000000000000000000
000000050000000000100000000000000000000000000000000000000000000000000000000000000000000000000000000000000
000000005000000000100000000000000000000000000000000000000000000000000000000000000000000000000000000000000
000000000500000000100000000010000000000000000000000000000000000000000000000000000000000000000000000000000
000000000050000000000000000010000000000000000000000000000000000000000000000000000000000000000000000000000
000000000005000000000000000010000000000000000000000000000000000000000000000000000000000000000000000000000
000000000000500000000000000010000000000000000000000000000000000000000000000000000000000000000000000000000
000000000000050000000000000010000000000000000000000000000000000000000000000000000000000000000000000000000
000000000000005000000000001110000000000000000000000000000000000000000000000000000000000000000000000000000
000000000000000500000000000000000000000000500000000000000000000000000000000000000000000000000000000000000
000000000000000050000000000000000000000005150000000000000000000000000000000000000000000000000000000000000
000000000000000005555555555555555555555555105555555555555555000000000000000000000000000000000000000000000
111111111111111111111111111111111111111111111111111111111111501111111111111111111111111001111111111111111
000000000000000000000000000000000000000000000000000000000000050000000000000000001000000000000000010000000
000000000000000000000000000000000000000000000000000000000000005000000500000000001000000000000000010000000
000000000000000000000000000000000000000000000000000000000000000500005150000000000000000000010000000000000
000000000000000000000000000000000000000000000000000000000000000055555105555555555555580000010000000000000
